01001001 01101100 00100000 01101101 01101001 01101111 
00100000 01101110 01101111 01101101 01100101 00100000 
01100101 00100111 00100000 01101100 01100101 01100111 
01100101 01101110 01100100 01100001


//PROF
01001001011011000010000001101101011010010110111100100000011011100110111101101101011001010010000001100101001001110010000001101100011001010110011101100101011011100110010001100001

//Il mio nome e’ legenda
010010010110110000100000011011010110100101101111001000000110111001101111011011010110010100100000011001010010011100100000011011000110010101100111011001010110111001100100011000010010000000100000

// arrivato al server
000011100000110000000100010000010000010001000110010000010000110100101000000011010100000100001100000010000000111001000001000011110000000000000000000001000000011000000100000011110000010100011111



//chiave del prof
01100101 01101101 01101001 01101100 01101001 01100001 01101110 01101111
//chiave nostra
01100101 01101101 01101001 01101100 01101001 01100001 01101110 01101111